-2.99113 -5.6637
-2.92905 -5.60498
-2.82262 -5.51957
-2.76053 -5.4395
-2.62749 -5.32206
-2.5388 -5.23132
-2.43237 -5.13523
-2.33481 -5.04982
-2.21951 -4.9484
-2.12195 -4.879
-2.02439 -4.78292
-1.88248 -4.67082
-1.75831 -4.58541
-1.63415 -4.49466
-1.50998 -4.40925
-1.38581 -4.32918
-1.3592 -4.27046
-1.31486 -4.1637
-1.27938 -4.04093
-1.25277 -3.9395
-1.17295 -3.92349
-1.02217 -3.8968
-0.83592 -3.87544
-0.63193 -3.85943
-0.43681 -3.84342
-0.20621 -3.83274
0.051 -3.82206
0.25499 -3.82206
0.44124 -3.82206
0.62749 -3.81139
0.83149 -3.81139
1 -3.81673
