-2.99113 -5.96263
-2.89357 -5.87722
-2.79601 -5.78114
-2.67184 -5.65302
-2.52993 -5.51957
-2.4235 -5.42883
-2.32594 -5.3274
-2.1929 -5.20996
-2.09534 -5.11922
-1.99778 -5.03381
-1.88248 -5.03915
-1.74058 -5.04982
-1.55432 -5.04982
-1.34146 -5.06584
-1.15521 -5.08185
-0.99557 -5.07651
-0.94235 -5.04982
-0.86253 -4.96975
-0.7561 -4.90036
-0.64967 -4.81495
-0.51663 -4.71886
-0.39246 -4.6121
-0.25942 -4.5
-0.10865 -4.40391
-0.00222 -4.30783
0.09534 -4.28114
0.24612 -4.21708
0.3969 -4.16904
0.55654 -4.10498
0.7694 -4.03025
1 -3.93416
