-0.8864 38.3249
-0.04791 39.74011
-0.02482 39.69461
0.13853 39.9989
0.16726 39.11798
0.177 39.55851
0.2028 40.18138
0.22885 39.17892
0.34904 39.71093
0.3832 40.16673
0.3936 40.63765
0.48164 40.80501
0.63324 40.57762
0.68443 40.16765
0.76047 41.42864
0.86922 40.89732
1.00877 40.6699
1.11724 41.21707
1.2183 40.88319
1.40276 41.59768
1.42921 41.70409
1.50516 41.32457
1.50754 41.97774
1.64713 42.29716
1.65246 41.99337
1.75218 41.59874
1.7549 42.2671
1.77131 42.46462
1.86797 41.38643
2.01293 41.9489
