000             30.00
001             28.00
002             26.00
003             24.00
004             22.00
005             20.00
006             19.00
007             18.00
008             17.00
009             16.00
010             15.00
011             14.40
012             13.80
013             13.20
014             12.60
015             12.00
016             11.60
017             11.20
018             10.80
019             10.40
020             10.00
021             9.800
022             9.600
023             9.400
024             9.200
025             9.000
026             8.800
027             8.600
028             8.400
029             8.200
030             8.000
031             7.900
032             7.800
033             7.700
034             7.600
035             7.500
036             7.400
037             7.300
038             7.200
039             7.100
040             7.000
041             6.900
042             6.800
043             6.700
044             6.600
045             6.500
046             6.400
047             6.300
048             6.200
049             6.100
050             6.000
051             5.950
052             5.900
053             5.850
054             5.800
055             5.750
056             5.700
057             5.650
058             5.600
059             5.550
060             5.500
061             5.450
062             5.400
063             5.350
064             5.300
065             5.250
066             5.200
067             5.150
068             5.100
069             5.050
070             5.000
071             4.950
072             4.900
073             4.850
074             4.800
075             4.750
076             4.700
077             4.650
078             4.600
079             4.550
080             4.500
081             4.450
082             4.400
083             4.350
084             4.300
085             4.250
086             4.200
087             4.150
088             4.100
089             4.050
090             4.000
091             3.980
092             3.960
093             3.940
094             3.920
095             3.900
096             3.880
097             3.860
098             3.840
099             3.820
100             3.800
101             3.780
102             3.760
103             3.740
104             3.720
105             3.700
106             3.680
107             3.660
108             3.640
109             3.620
110             3.600
111             3.580
112             3.560
113             3.540
114             3.520
115             3.500
116             3.480
117             3.460
118             3.440
119             3.420
120             3.400
121             3.380
122             3.360
123             3.340
124             3.320
125             3.300
126             3.280
127             3.260
128             3.240
129             3.220
130             3.200
131             3.180
132             3.160
133             3.140
134             3.120
135             3.100
136             3.080
137             3.060
138             3.040
139             3.020
140             3.000
141             2.980
142             2.960
143             2.940
144             2.920
145             2.900
146             2.880
147             2.860
148             2.840
149             2.820
150             2.800
151             2.780
152             2.760
153             2.740
154             2.720
155             2.700
156             2.680
157             2.660
158             2.640
159             2.620
160             2.600
161             2.580
162             2.560
163             2.540
164             2.520
165             2.500
166             2.480
167             2.460
168             2.440
169             2.420
170             2.400
171             2.380
172             2.360
173             2.340
174             2.320
175             2.300
176             2.280
177             2.260
178             2.240
179             2.220
180             2.200
181             2.180
182             2.160
183             2.140
184             2.120
185             2.100
186             2.080
187             2.060
188             2.040
189             2.020
190             2.000
191             1.990
192             1.980
193             1.970
194             1.960
195             1.950
196             1.940
197             1.930
198             1.920
199             1.910
200             1.900
201             1.890
202             1.880
203             1.870
204             1.860
205             1.850
206             1.840
207             1.830
208             1.820
209             1.810
210             1.800
211             1.790
212             1.780
213             1.770
214             1.760
215             1.750
216             1.740
217             1.730
218             1.720
219             1.710
220             1.700
221             1.690
222             1.680
223             1.670
224             1.660
225             1.650
226             1.640
227             1.630
228             1.620
229             1.610
230             1.600
231             1.590
232             1.580
233             1.570
234             1.560
235             1.550
236             1.540
237             1.530
238             1.520
239             1.510
240             1.500
241             1.490
242             1.480
243             1.470
244             1.460
245             1.450
246             1.440
247             1.430
248             1.420
249             1.410
250             1.400
251             1.390
252             1.380
253             1.370
254             1.360
255             1.350
256             1.340
257             1.330
258             1.320
259             1.310
260             1.300
261             1.290
262             1.280
263             1.270
264             1.260
265             1.250
266             1.240
267             1.230
268             1.220
269             1.210
270             1.200
271             1.190
272             1.180
273             1.170
274             1.160
275             1.150
276             1.140
277             1.130
278             1.120
279             1.110
280             1.100
281             1.090
282             1.080
283             1.070
284             1.060
285             1.050
286             1.040
287             1.030
288             1.020
289             1.010
290             1.000
291             0.990
292             0.980
293             0.970
294             0.960
295             0.950
296             0.940
297             0.930
298             0.920
299             0.910
300             0.900
301             0.890
302             0.880
303             0.870
304             0.860
305             0.850
306             0.840
307             0.830
308             0.820
309             0.810
310             0.800
311             0.790
312             0.780
313             0.770
314             0.760
315             0.750
316             0.740
317             0.730
318             0.720
319             0.710
320             0.700
321             0.690
322             0.680
323             0.670
324             0.660
325             0.650
326             0.640
327             0.630
328             0.620
329             0.610
330             0.600
331             0.590
332             0.580
333             0.570
334             0.560
335             0.550
336             0.540
337             0.530
338             0.520
339             0.510
340             0.500
341             0.495
342             0.490
343             0.485
344             0.480
345             0.475
346             0.470
347             0.465
348             0.460
349             0.455
350             0.450
351             0.445
352             0.440
353             0.435
354             0.430
355             0.425
356             0.420
357             0.415
358             0.410
359             0.405
360             0.400
361             0.395
362             0.390
363             0.385
364             0.380
365             0.375
366             0.370
367             0.365
368             0.360
369             0.355
370             0.350
371             0.345
372             0.340
373             0.335
374             0.330
375             0.325
376             0.320
377             0.315
378             0.310
379             0.305
380             0.300
381             0.295
382             0.290
383             0.285
384             0.280
385             0.275
386             0.270
387             0.265
388             0.260
389             0.255
390             0.250
391             0.245
392             0.240
393             0.235
394             0.230
395             0.225
396             0.220
397             0.215
398             0.210
399             0.205
400             0.200
401             0.195
402             0.190
403             0.185
404             0.180
405             0.175
406             0.170
407             0.165
408             0.160
409             0.155
410             0.150
411             0.145
412             0.140
413             0.135
414             0.130
415             0.125
416             0.120
417             0.115
418             0.110
419             0.105
420             0.100
421             0.095
422             0.090
423             0.085
424             0.080
425             0.075
426             0.070
427             0.065
428             0.060
429             0.055
430             0.050
431             0.045
432             0.040
433             0.035
434             0.030
435             0.025
436             0.020
437             0.015
438             0.010
439             0.005
440             0.000
